

 -> I
t: 5079.141443967819

LB_Params: [-1.1471975511965977, -0.1617993877991494, 0, 0.1617993877991494, 1.6929693744344996, 1.7453292519943295, 0.7972623740780583, -4.875003525066857, 30.023191888802728, -7.3781095160145185, 0.4372387768159612, 0.6508677331624932, 0.21869039056388936, 0.12300869594698957, 0.11146960132524077, 0.1018483993104411, 0.4093032672047732, 0.1668224284640348, 1, 0, 0.04, 0.540104473134283]
LErr: 12.839378797421974
LPct: 47.196440140192124%
Pos: -1

HB_Params: [-1.1471975511965977, -0.1617993877991494, 0, 0.1617993877991494, 1.6929693744344996, 1.7453292519943295, 0.7803833424049722, -5.009601619050127, 29.98327313935138, -7.507244353280778, 0.5006022013095468, 0.7349116286408552, 0.20273815053006783, 0.0954662956910866, 0.1, 0.0995380341889913, 0.4132040999414529, 0.19599030767914094, 1, 0, 0.04, 0.540104473134283]
HErr: 10.201697549793565
HPct: 38.75425612415699%
Pos: 0

PT_Params: [-1.1471975511965977, -0.1617993877991494, 0, 0.1617993877991494, 1.6929693744344996, 1.7453292519943295, 0.7803833424049722, -5.009601619050127, 29.98327313935138, -7.507244353280778, 0.5006022013095468, 0.7349116286408552, 0.20273815053006783, 0.0954662956910866, 0.1, 0.0995380341889913, 0.4132040999414529, 0.19599030767914094, 1, 0, 0.04, 0.540104473134283]
PErr: 38.75425612415699
PPct: 38.75425612415699%
Pos: 0

==========




 -> II
t: 5129.2637729644775

LB_Params: [-1.1471975511965977, -0.1617993877991494, 0, 0.1617993877991494, 1.6929693744344996, 1.7453292519943295, 0.8851823087239471, -4.953692782445165, 29.947774948702207, -7.44605411736989, 0.5508217837635284, 0.7707661323017984, 0.2667967675390631, 0.12229673994297977, -0.010614092100188308, 0.06804124612543815, 0.35842620694738286, 0.1573808065509722, 1, 0, 0.04, 0.8398154303976673]
LErr: 22.921371854728225
LPct: 36.48590184056458%
Pos: -1

HB_Params: [-1.1471975511965977, -0.1617993877991494, 0, 0.1617993877991494, 1.6929693744344996, 1.7453292519943295, 0.7958269179560858, -5.012565798474422, 30.011130419037883, -7.488860462428887, 0.5218831775254913, 0.7379471740340474, 0.1958560042663441, 0.16747535683511428, 0.10029357030199568, 0.13315860458155807, 0.35418410306056475, 0.1857378659693543, 1, 0, 0.04, 0.8398154303976673]
HErr: 19.810806838900227
HPct: 40.32261283631048%
Pos: 6

PT_Params: [-1.1471975511965977, -0.1617993877991494, 0, 0.1617993877991494, 1.6929693744344996, 1.7453292519943295, 0.8851823087239471, -4.953692782445165, 29.947774948702207, -7.44605411736989, 0.5508217837635284, 0.7707661323017984, 0.2667967675390631, 0.12229673994297977, -0.010614092100188308, 0.06804124612543815, 0.35842620694738286, 0.1573808065509722, 1, 0, 0.04, 0.8398154303976673]
PErr: 36.48590184056458
PPct: 40.32261283631048%
Pos: 7

Pct_data: [48.8237082852681, 95.03585207106939, 61.23827933353965, 61.23827933353965, 61.23827933353965, 61.23827933353965, 40.32261283631048, 36.48590184056458, 36.48590184056458, 36.48590184056458, 36.48590184056458, 36.48590184056458, 36.48590184056458, 36.48590184056458, 36.48590184056458, 36.48590184056458, 36.48590184056458, 36.48590184056458, 36.48590184056458, 36.48590184056458, 36.48590184056458, 36.48590184056458, 36.48590184056458, 36.48590184056458, 36.48590184056458, 36.48590184056458, 36.48590184056458, 36.48590184056458, 36.48590184056458, 36.48590184056458, 36.48590184056458, 36.48590184056458, 36.48590184056458, 36.48590184056458, 36.48590184056458, 36.48590184056458, 36.48590184056458, 36.48590184056458, 36.48590184056458, 36.48590184056458, 36.48590184056458, 36.48590184056458, 36.48590184056458, 36.48590184056458, 36.48590184056458, 36.48590184056458, 36.48590184056458, 36.48590184056458, 36.48590184056458, 36.48590184056458, 36.48590184056458, 36.48590184056458, 36.48590184056458, 36.48590184056458, 36.48590184056458, 36.48590184056458, 36.48590184056458, 36.48590184056458, 36.48590184056458, 36.48590184056458, 36.48590184056458, 36.48590184056458, 36.48590184056458, 36.48590184056458, 36.48590184056458, 36.48590184056458, 36.48590184056458, 36.48590184056458, 36.48590184056458, 36.48590184056458, 36.48590184056458, 36.48590184056458, 36.48590184056458, 36.48590184056458, 36.48590184056458, 36.48590184056458, 36.48590184056458, 36.48590184056458, 36.48590184056458, 36.48590184056458, 36.48590184056458, 36.48590184056458, 36.48590184056458, 36.48590184056458, 36.48590184056458, 36.48590184056458, 36.48590184056458, 36.48590184056458, 36.48590184056458, 36.48590184056458, 36.48590184056458, 36.48590184056458, 36.48590184056458, 36.48590184056458, 36.48590184056458, 36.48590184056458, 36.48590184056458, 36.48590184056458, 36.48590184056458, 36.48590184056458]
Err_data: [27.894882109427186, 56.35210013617416, 41.29786907033138, 41.29786907033138, 41.29786907033138, 41.29786907033138, 19.810806838900227, 22.921371854728225, 22.921371854728225, 22.921371854728225, 22.921371854728225, 22.921371854728225, 22.921371854728225, 22.921371854728225, 22.921371854728225, 22.921371854728225, 22.921371854728225, 22.921371854728225, 22.921371854728225, 22.921371854728225, 22.921371854728225, 22.921371854728225, 22.921371854728225, 22.921371854728225, 22.921371854728225, 22.921371854728225, 22.921371854728225, 22.921371854728225, 22.921371854728225, 22.921371854728225, 22.921371854728225, 22.921371854728225, 22.921371854728225, 22.921371854728225, 22.921371854728225, 22.921371854728225, 22.921371854728225, 22.921371854728225, 22.921371854728225, 22.921371854728225, 22.921371854728225, 22.921371854728225, 22.921371854728225, 22.921371854728225, 22.921371854728225, 22.921371854728225, 22.921371854728225, 22.921371854728225, 22.921371854728225, 22.921371854728225, 22.921371854728225, 22.921371854728225, 22.921371854728225, 22.921371854728225, 22.921371854728225, 22.921371854728225, 22.921371854728225, 22.921371854728225, 22.921371854728225, 22.921371854728225, 22.921371854728225, 22.921371854728225, 22.921371854728225, 22.921371854728225, 22.921371854728225, 22.921371854728225, 22.921371854728225, 22.921371854728225, 22.921371854728225, 22.921371854728225, 22.921371854728225, 22.921371854728225, 22.921371854728225, 22.921371854728225, 22.921371854728225, 22.921371854728225, 22.921371854728225, 22.921371854728225, 22.921371854728225, 22.921371854728225, 22.921371854728225, 22.921371854728225, 22.921371854728225, 22.921371854728225, 22.921371854728225, 22.921371854728225, 22.921371854728225, 22.921371854728225, 22.921371854728225, 22.921371854728225, 22.921371854728225, 22.921371854728225, 22.921371854728225, 22.921371854728225, 22.921371854728225, 22.921371854728225, 22.921371854728225, 22.921371854728225, 22.921371854728225, 22.921371854728225]

==========



 -> III
t: 5131.839567899704

LB_Params: [-1.1471975511965977, -0.1617993877991494, 0, 0.1617993877991494, 1.6929693744344996, 1.7453292519943295, 0.760363655261638, -4.925484005805812, 30.06847140008311, -7.477037758666589, 0.5877291331255348, 0.8172520287542565, 0.2633429993449462, 0.22773319166883896, 0.16171353790842474, 0.126578787955907, 0.4066105660774899, 0.1681456284787741, 1, 0, 0.04, 0.4514741253544541]
LErr: 3.2654381836047306
LPct: 44.241060242521385%
Pos: -1

HB_Params: [-1.1471975511965977, -0.1617993877991494, 0, 0.1617993877991494, 1.6929693744344996, 1.7453292519943295, 0.7955330445195913, -5.006769563052849, 30.01194846620624, -7.472320101426499, 0.5027609192887689, 0.7437914506723537, 0.20354663020492325, 0.09616068038996751, 0.09557034239217603, 0.09078056823682695, 0.3896383040912549, 0.2013096834577437, 1, 0, 0.04, 0.4514741253544541]
HErr: 1.4354320363743223
HPct: 32.28485768828225%
Pos: 0

PT_Params: [-1.1471975511965977, -0.1617993877991494, 0, 0.1617993877991494, 1.6929693744344996, 1.7453292519943295, 0.7955330445195913, -5.006769563052849, 30.01194846620624, -7.472320101426499, 0.5027609192887689, 0.7437914506723537, 0.20354663020492325, 0.09616068038996751, 0.09557034239217603, 0.09078056823682695, 0.3896383040912549, 0.2013096834577437, 1, 0, 0.04, 0.4514741253544541]
PErr: 32.28485768828225
PPct: 32.28485768828225%
Pos: 0

Pct_data: [32.28485768828225, 153.19662882390563, 153.19662882390563, 44.241060242521385, 44.241060242521385, 44.241060242521385, 44.241060242521385, 44.241060242521385, 44.241060242521385, 44.241060242521385, 44.241060242521385, 44.241060242521385, 44.241060242521385, 44.241060242521385, 44.241060242521385, 44.241060242521385, 44.241060242521385, 44.241060242521385, 44.241060242521385, 44.241060242521385, 44.241060242521385, 44.241060242521385, 44.241060242521385, 44.241060242521385, 44.241060242521385, 44.241060242521385, 44.241060242521385, 44.241060242521385, 44.241060242521385, 44.241060242521385, 44.241060242521385, 44.241060242521385, 44.241060242521385, 44.241060242521385, 44.241060242521385, 44.241060242521385, 44.241060242521385, 44.241060242521385, 44.241060242521385, 44.241060242521385, 44.241060242521385, 44.241060242521385, 44.241060242521385, 44.241060242521385, 44.241060242521385, 44.241060242521385, 44.241060242521385, 44.241060242521385, 44.241060242521385, 44.241060242521385, 44.241060242521385, 44.241060242521385, 44.241060242521385, 44.241060242521385, 44.241060242521385, 44.241060242521385, 44.241060242521385, 44.241060242521385, 44.241060242521385, 44.241060242521385, 44.241060242521385, 44.241060242521385, 44.241060242521385, 44.241060242521385, 44.241060242521385, 44.241060242521385, 44.241060242521385, 44.241060242521385, 44.241060242521385, 44.241060242521385, 44.241060242521385, 44.241060242521385, 44.241060242521385, 44.241060242521385, 44.241060242521385, 44.241060242521385, 44.241060242521385, 44.241060242521385, 44.241060242521385, 44.241060242521385, 44.241060242521385, 44.241060242521385, 44.241060242521385, 44.241060242521385, 44.241060242521385, 44.241060242521385, 44.241060242521385, 44.241060242521385, 44.241060242521385, 44.241060242521385, 44.241060242521385, 44.241060242521385, 44.241060242521385, 44.241060242521385, 44.241060242521385, 44.241060242521385, 44.241060242521385, 44.241060242521385, 44.241060242521385, 44.241060242521385]
Err_data: [1.4354320363743223, 1.8508989509210156, 1.8508989509210156, 3.2654381836047306, 3.2654381836047306, 3.2654381836047306, 3.2654381836047306, 3.2654381836047306, 3.2654381836047306, 3.2654381836047306, 3.2654381836047306, 3.2654381836047306, 3.2654381836047306, 3.2654381836047306, 3.2654381836047306, 3.2654381836047306, 3.2654381836047306, 3.2654381836047306, 3.2654381836047306, 3.2654381836047306, 3.2654381836047306, 3.2654381836047306, 3.2654381836047306, 3.2654381836047306, 3.2654381836047306, 3.2654381836047306, 3.2654381836047306, 3.2654381836047306, 3.2654381836047306, 3.2654381836047306, 3.2654381836047306, 3.2654381836047306, 3.2654381836047306, 3.2654381836047306, 3.2654381836047306, 3.2654381836047306, 3.2654381836047306, 3.2654381836047306, 3.2654381836047306, 3.2654381836047306, 3.2654381836047306, 3.2654381836047306, 3.2654381836047306, 3.2654381836047306, 3.2654381836047306, 3.2654381836047306, 3.2654381836047306, 3.2654381836047306, 3.2654381836047306, 3.2654381836047306, 3.2654381836047306, 3.2654381836047306, 3.2654381836047306, 3.2654381836047306, 3.2654381836047306, 3.2654381836047306, 3.2654381836047306, 3.2654381836047306, 3.2654381836047306, 3.2654381836047306, 3.2654381836047306, 3.2654381836047306, 3.2654381836047306, 3.2654381836047306, 3.2654381836047306, 3.2654381836047306, 3.2654381836047306, 3.2654381836047306, 3.2654381836047306, 3.2654381836047306, 3.2654381836047306, 3.2654381836047306, 3.2654381836047306, 3.2654381836047306, 3.2654381836047306, 3.2654381836047306, 3.2654381836047306, 3.2654381836047306, 3.2654381836047306, 3.2654381836047306, 3.2654381836047306, 3.2654381836047306, 3.2654381836047306, 3.2654381836047306, 3.2654381836047306, 3.2654381836047306, 3.2654381836047306, 3.2654381836047306, 3.2654381836047306, 3.2654381836047306, 3.2654381836047306, 3.2654381836047306, 3.2654381836047306, 3.2654381836047306, 3.2654381836047306, 3.2654381836047306, 3.2654381836047306, 3.2654381836047306, 3.2654381836047306, 3.2654381836047306]

==========



 -> AVR
t: 5425.807183742523

LB_Params: [-1.1471975511965977, -0.1617993877991494, 0, 0.1617993877991494, 1.6929693744344996, 1.7453292519943295, 0.7676668281496364, -5.1338650065856894, 30.008112565222504, -7.445608731227745, 0.42419573174662756, 0.7331950359564761, 0.17851055791267906, -0.03281586337098298, 0.03838619016888053, 0.11414987743135457, 0.2645343244375736, 0.190359469907734, 1, 0, 0.04, -0.6753801156626941]
LErr: 89.04036968229467
LPct: 282.58421616059644%
Pos: -1

HB_Params: [-1.1471975511965977, -0.1617993877991494, 0, 0.1617993877991494, 1.6929693744344996, 1.7453292519943295, 0.808000444657681, -5.031990321784056, 30.019351708701933, -7.485593757064496, 0.49126737810472576, 0.7475297320752506, 0.2257675936419513, 0.043561264408463994, 0.12592469883285087, 0.08434685292493464, 0.38360825640715335, 0.20351890558038008, 1, 0, 0.04, -0.6753801156626941]
HErr: 74.27298991201076
HPct: 390.81609523185205%
Pos: 1

PT_Params: [-1.1471975511965977, -0.1617993877991494, 0, 0.1617993877991494, 1.6929693744344996, 1.7453292519943295, 0.7676668281496364, -5.1338650065856894, 30.008112565222504, -7.445608731227745, 0.42419573174662756, 0.7331950359564761, 0.17851055791267906, -0.03281586337098298, 0.03838619016888053, 0.11414987743135457, 0.2645343244375736, 0.190359469907734, 1, 0, 0.04, -0.6753801156626941]
PErr: 282.58421616059644
PPct: 390.81609523185205%
Pos: 72

Pct_data: [347.9409961522049, 390.81609523185205, 390.81609523185205, 390.81609523185205, 390.81609523185205, 390.81609523185205, 390.81609523185205, 390.81609523185205, 390.81609523185205, 390.81609523185205, 390.81609523185205, 376.30070031929347, 364.68488670641307, 364.68488670641307, 364.68488670641307, 364.68488670641307, 364.68488670641307, 364.68488670641307, 364.68488670641307, 364.68488670641307, 364.68488670641307, 364.68488670641307, 364.68488670641307, 364.68488670641307, 361.92488633459806, 361.92488633459806, 361.92488633459806, 361.92488633459806, 361.92488633459806, 361.92488633459806, 361.92488633459806, 361.92488633459806, 361.92488633459806, 361.92488633459806, 361.92488633459806, 325.38144275168594, 307.7212801726526, 307.7212801726526, 307.7212801726526, 307.7212801726526, 303.7494290379219, 303.7494290379219, 303.7494290379219, 285.1040650127983, 285.1040650127983, 285.1040650127983, 285.1040650127983, 285.1040650127983, 285.1040650127983, 285.1040650127983, 285.1040650127983, 285.1040650127983, 285.1040650127983, 285.1040650127983, 285.1040650127983, 285.1040650127983, 285.1040650127983, 285.1040650127983, 285.1040650127983, 285.1040650127983, 285.1040650127983, 285.1040650127983, 285.1040650127983, 282.92956355176534, 282.92956355176534, 282.92956355176534, 282.92956355176534, 282.92956355176534, 282.92956355176534, 282.92956355176534, 282.92956355176534, 282.92956355176534, 282.58421616059644, 282.58421616059644, 282.58421616059644, 282.58421616059644, 282.58421616059644, 282.58421616059644, 282.58421616059644, 282.58421616059644, 282.58421616059644, 282.58421616059644, 282.58421616059644, 282.58421616059644, 282.58421616059644, 282.58421616059644, 282.58421616059644, 282.58421616059644, 282.58421616059644, 282.58421616059644, 282.58421616059644, 282.58421616059644, 282.58421616059644, 282.58421616059644, 282.58421616059644, 282.58421616059644, 282.58421616059644, 282.58421616059644, 282.58421616059644, 282.58421616059644]
Err_data: [87.37191754376114, 74.27298991201076, 74.27298991201076, 74.27298991201076, 74.27298991201076, 74.27298991201076, 74.27298991201076, 74.27298991201076, 74.27298991201076, 74.27298991201076, 74.27298991201076, 124.91647788812583, 117.7524795541159, 117.7524795541159, 117.7524795541159, 117.7524795541159, 117.7524795541159, 117.7524795541159, 117.7524795541159, 117.7524795541159, 117.7524795541159, 117.7524795541159, 117.7524795541159, 117.7524795541159, 133.5590160687098, 133.5590160687098, 133.5590160687098, 133.5590160687098, 133.5590160687098, 133.5590160687098, 133.5590160687098, 133.5590160687098, 133.5590160687098, 133.5590160687098, 133.5590160687098, 91.65515126980047, 94.40499448158155, 94.40499448158155, 94.40499448158155, 94.40499448158155, 94.20883708891077, 94.20883708891077, 94.20883708891077, 91.67618428136564, 91.67618428136564, 91.67618428136564, 91.67618428136564, 91.67618428136564, 91.67618428136564, 91.67618428136564, 91.67618428136564, 91.67618428136564, 91.67618428136564, 91.67618428136564, 91.67618428136564, 91.67618428136564, 91.67618428136564, 91.67618428136564, 91.67618428136564, 91.67618428136564, 91.67618428136564, 91.67618428136564, 91.67618428136564, 90.03161890153605, 90.03161890153605, 90.03161890153605, 90.03161890153605, 90.03161890153605, 90.03161890153605, 90.03161890153605, 90.03161890153605, 90.03161890153605, 89.04036968229467, 89.04036968229467, 89.04036968229467, 89.04036968229467, 89.04036968229467, 89.04036968229467, 89.04036968229467, 89.04036968229467, 89.04036968229467, 89.04036968229467, 89.04036968229467, 89.04036968229467, 89.04036968229467, 89.04036968229467, 89.04036968229467, 89.04036968229467, 89.04036968229467, 89.04036968229467, 89.04036968229467, 89.04036968229467, 89.04036968229467, 89.04036968229467, 89.04036968229467, 89.04036968229467, 89.04036968229467, 89.04036968229467, 89.04036968229467, 89.04036968229467]

==========



 -> AVL
t: 5076.328997850418

LB_Params: [-1.1471975511965977, -0.1617993877991494, 0, 0.1617993877991494, 1.6929693744344996, 1.7453292519943295, 0.8834208336094591, -5.131679346392197, 30.034332386402628, -7.509664778917847, 0.5412993894195035, 0.7199375502751555, 0.2111391720371382, 0.03999116303550843, 0.2015772772378548, 0.18062661902386581, 0.3328571936437381, 0.1617363882814123, 1, 0, 0.04, -0.20879364826004965]
LErr: 9.518487982769637
LPct: 140.83292306122317%
Pos: -1

HB_Params: [-1.1471975511965977, -0.1617993877991494, 0, 0.1617993877991494, 1.6929693744344996, 1.7453292519943295, 0.7955451038976468, -5.025238979245522, 30.021657496317925, -7.48862227026017, 0.48760381820416493, 0.7447563350987264, 0.19436461834920635, 0.09194170616819129, 0.1, 0.10906619128883659, 0.4079312434978309, 0.20236302777511506, 1, 0, 0.04, -0.20879364826004965]
HErr: 6.777524073288562
HPct: 188.33563880856934%
Pos: 0

PT_Params: [-1.1471975511965977, -0.1617993877991494, 0, 0.1617993877991494, 1.6929693744344996, 1.7453292519943295, 0.8834208336094591, -5.131679346392197, 30.034332386402628, -7.509664778917847, 0.5412993894195035, 0.7199375502751555, 0.2111391720371382, 0.03999116303550843, 0.2015772772378548, 0.18062661902386581, 0.3328571936437381, 0.1617363882814123, 1, 0, 0.04, -0.20879364826004965]
PErr: 140.83292306122317
PPct: 188.33563880856934%
Pos: 5

Pct_data: [188.33563880856934, 185.83352378730905, 185.83352378730905, 185.83352378730905, 185.83352378730905, 140.83292306122317, 140.83292306122317, 140.83292306122317, 140.83292306122317, 140.83292306122317, 140.83292306122317, 140.83292306122317, 140.83292306122317, 140.83292306122317, 140.83292306122317, 140.83292306122317, 140.83292306122317, 140.83292306122317, 140.83292306122317, 140.83292306122317, 140.83292306122317, 140.83292306122317, 140.83292306122317, 140.83292306122317, 140.83292306122317, 140.83292306122317, 140.83292306122317, 140.83292306122317, 140.83292306122317, 140.83292306122317, 140.83292306122317, 140.83292306122317, 140.83292306122317, 140.83292306122317, 140.83292306122317, 140.83292306122317, 140.83292306122317, 140.83292306122317, 140.83292306122317, 140.83292306122317, 140.83292306122317, 140.83292306122317, 140.83292306122317, 140.83292306122317, 140.83292306122317, 140.83292306122317, 140.83292306122317, 140.83292306122317, 140.83292306122317, 140.83292306122317, 140.83292306122317, 140.83292306122317, 140.83292306122317, 140.83292306122317, 140.83292306122317, 140.83292306122317, 140.83292306122317, 140.83292306122317, 140.83292306122317, 140.83292306122317, 140.83292306122317, 140.83292306122317, 140.83292306122317, 140.83292306122317, 140.83292306122317, 140.83292306122317, 140.83292306122317, 140.83292306122317, 140.83292306122317, 140.83292306122317, 140.83292306122317, 140.83292306122317, 140.83292306122317, 140.83292306122317, 140.83292306122317, 140.83292306122317, 140.83292306122317, 140.83292306122317, 140.83292306122317, 140.83292306122317, 140.83292306122317, 140.83292306122317, 140.83292306122317, 140.83292306122317, 140.83292306122317, 140.83292306122317, 140.83292306122317, 140.83292306122317, 140.83292306122317, 140.83292306122317, 140.83292306122317, 140.83292306122317, 140.83292306122317, 140.83292306122317, 140.83292306122317, 140.83292306122317, 140.83292306122317, 140.83292306122317, 140.83292306122317, 140.83292306122317]
Err_data: [6.777524073288562, 7.922050689224388, 7.922050689224388, 7.922050689224388, 7.922050689224388, 9.518487982769637, 9.518487982769637, 9.518487982769637, 9.518487982769637, 9.518487982769637, 9.518487982769637, 9.518487982769637, 9.518487982769637, 9.518487982769637, 9.518487982769637, 9.518487982769637, 9.518487982769637, 9.518487982769637, 9.518487982769637, 9.518487982769637, 9.518487982769637, 9.518487982769637, 9.518487982769637, 9.518487982769637, 9.518487982769637, 9.518487982769637, 9.518487982769637, 9.518487982769637, 9.518487982769637, 9.518487982769637, 9.518487982769637, 9.518487982769637, 9.518487982769637, 9.518487982769637, 9.518487982769637, 9.518487982769637, 9.518487982769637, 9.518487982769637, 9.518487982769637, 9.518487982769637, 9.518487982769637, 9.518487982769637, 9.518487982769637, 9.518487982769637, 9.518487982769637, 9.518487982769637, 9.518487982769637, 9.518487982769637, 9.518487982769637, 9.518487982769637, 9.518487982769637, 9.518487982769637, 9.518487982769637, 9.518487982769637, 9.518487982769637, 9.518487982769637, 9.518487982769637, 9.518487982769637, 9.518487982769637, 9.518487982769637, 9.518487982769637, 9.518487982769637, 9.518487982769637, 9.518487982769637, 9.518487982769637, 9.518487982769637, 9.518487982769637, 9.518487982769637, 9.518487982769637, 9.518487982769637, 9.518487982769637, 9.518487982769637, 9.518487982769637, 9.518487982769637, 9.518487982769637, 9.518487982769637, 9.518487982769637, 9.518487982769637, 9.518487982769637, 9.518487982769637, 9.518487982769637, 9.518487982769637, 9.518487982769637, 9.518487982769637, 9.518487982769637, 9.518487982769637, 9.518487982769637, 9.518487982769637, 9.518487982769637, 9.518487982769637, 9.518487982769637, 9.518487982769637, 9.518487982769637, 9.518487982769637, 9.518487982769637, 9.518487982769637, 9.518487982769637, 9.518487982769637, 9.518487982769637, 9.518487982769637]

==========



 -> AVF
t: 5668.580500364304

LB_Params: [-1.1471975511965977, -0.1617993877991494, 0, 0.1617993877991494, 1.6929693744344996, 1.7453292519943295, 0.7834397085895647, -5.072697818094087, 30.00453455918898, -7.375108165614657, 0.379819886367973, 0.8426374605703013, 0.17589847982211673, 0.10465641270452389, 0.22501580676144595, 0.11212021980505052, 0.3335047250598789, 0.14510652211423486, 1, 0, 0.04, 0.6059199783339498]
LErr: 10.578299106815816
LPct: 37.87418975850053%
Pos: -1

HB_Params: [-1.1471975511965977, -0.1617993877991494, 0, 0.1617993877991494, 1.6929693744344996, 1.7453292519943295, 0.7834397085895647, -5.072697818094087, 30.00453455918898, -7.375108165614657, 0.379819886367973, 0.8426374605703013, 0.17589847982211673, 0.10465641270452389, 0.22501580676144595, 0.11212021980505052, 0.3335047250598789, 0.14510652211423486, 1, 0, 0.04, 0.6059199783339498]
HErr: 10.578299106815816
HPct: 37.87418975850053%
Pos: 3

PT_Params: [-1.1471975511965977, -0.1617993877991494, 0, 0.1617993877991494, 1.6929693744344996, 1.7453292519943295, 0.7834397085895647, -5.072697818094087, 30.00453455918898, -7.375108165614657, 0.379819886367973, 0.8426374605703013, 0.17589847982211673, 0.10465641270452389, 0.22501580676144595, 0.11212021980505052, 0.3335047250598789, 0.14510652211423486, 1, 0, 0.04, 0.6059199783339498]
PErr: 37.87418975850053
PPct: 37.87418975850053%
Pos: 3

Pct_data: [93.02083298584814, 60.93202438966255, 51.047605178396125, 37.87418975850053, 37.87418975850053, 37.87418975850053, 37.87418975850053, 37.87418975850053, 37.87418975850053, 37.87418975850053, 37.87418975850053, 37.87418975850053, 37.87418975850053, 37.87418975850053, 37.87418975850053, 37.87418975850053, 37.87418975850053, 37.87418975850053, 37.87418975850053, 37.87418975850053, 37.87418975850053, 37.87418975850053, 37.87418975850053, 37.87418975850053, 37.87418975850053, 37.87418975850053, 37.87418975850053, 37.87418975850053, 37.87418975850053, 37.87418975850053, 37.87418975850053, 37.87418975850053, 37.87418975850053, 37.87418975850053, 37.87418975850053, 37.87418975850053, 37.87418975850053, 37.87418975850053, 37.87418975850053, 37.87418975850053, 37.87418975850053, 37.87418975850053, 37.87418975850053, 37.87418975850053, 37.87418975850053, 37.87418975850053, 37.87418975850053, 37.87418975850053, 37.87418975850053, 37.87418975850053, 37.87418975850053, 37.87418975850053, 37.87418975850053, 37.87418975850053, 37.87418975850053, 37.87418975850053, 37.87418975850053, 37.87418975850053, 37.87418975850053, 37.87418975850053, 37.87418975850053, 37.87418975850053, 37.87418975850053, 37.87418975850053, 37.87418975850053, 37.87418975850053, 37.87418975850053, 37.87418975850053, 37.87418975850053, 37.87418975850053, 37.87418975850053, 37.87418975850053, 37.87418975850053, 37.87418975850053, 37.87418975850053, 37.87418975850053, 37.87418975850053, 37.87418975850053, 37.87418975850053, 37.87418975850053, 37.87418975850053, 37.87418975850053, 37.87418975850053, 37.87418975850053, 37.87418975850053, 37.87418975850053, 37.87418975850053, 37.87418975850053, 37.87418975850053, 37.87418975850053, 37.87418975850053, 37.87418975850053, 37.87418975850053, 37.87418975850053, 37.87418975850053, 37.87418975850053, 37.87418975850053, 37.87418975850053, 37.87418975850053, 37.87418975850053]
Err_data: [13.105223891138593, 13.346774685414962, 11.457334724908101, 10.578299106815816, 10.578299106815816, 10.578299106815816, 10.578299106815816, 10.578299106815816, 10.578299106815816, 10.578299106815816, 10.578299106815816, 10.578299106815816, 10.578299106815816, 10.578299106815816, 10.578299106815816, 10.578299106815816, 10.578299106815816, 10.578299106815816, 10.578299106815816, 10.578299106815816, 10.578299106815816, 10.578299106815816, 10.578299106815816, 10.578299106815816, 10.578299106815816, 10.578299106815816, 10.578299106815816, 10.578299106815816, 10.578299106815816, 10.578299106815816, 10.578299106815816, 10.578299106815816, 10.578299106815816, 10.578299106815816, 10.578299106815816, 10.578299106815816, 10.578299106815816, 10.578299106815816, 10.578299106815816, 10.578299106815816, 10.578299106815816, 10.578299106815816, 10.578299106815816, 10.578299106815816, 10.578299106815816, 10.578299106815816, 10.578299106815816, 10.578299106815816, 10.578299106815816, 10.578299106815816, 10.578299106815816, 10.578299106815816, 10.578299106815816, 10.578299106815816, 10.578299106815816, 10.578299106815816, 10.578299106815816, 10.578299106815816, 10.578299106815816, 10.578299106815816, 10.578299106815816, 10.578299106815816, 10.578299106815816, 10.578299106815816, 10.578299106815816, 10.578299106815816, 10.578299106815816, 10.578299106815816, 10.578299106815816, 10.578299106815816, 10.578299106815816, 10.578299106815816, 10.578299106815816, 10.578299106815816, 10.578299106815816, 10.578299106815816, 10.578299106815816, 10.578299106815816, 10.578299106815816, 10.578299106815816, 10.578299106815816, 10.578299106815816, 10.578299106815816, 10.578299106815816, 10.578299106815816, 10.578299106815816, 10.578299106815816, 10.578299106815816, 10.578299106815816, 10.578299106815816, 10.578299106815816, 10.578299106815816, 10.578299106815816, 10.578299106815816, 10.578299106815816, 10.578299106815816, 10.578299106815816, 10.578299106815816, 10.578299106815816, 10.578299106815816]

==========



 -> V1
t: 5284.174449205399

LB_Params: [-1.1471975511965977, -0.1617993877991494, 0, 0.1617993877991494, 1.6929693744344996, 1.7453292519943295, 0.8293733565819135, -5.083136870183499, 29.98039333592387, -7.483876633737334, 0.4341576844279142, 0.7813182022049485, 0.30398436466938017, 0.09672628106144833, 0.030853276913837463, 0.20411594056019597, 0.3785972326540284, 0.20710978180776118, 1, 0, 0.04, -0.7115881014943074]
LErr: 149.3500005990148
LPct: 373.12126560875265%
Pos: -1

HB_Params: [-1.1471975511965977, -0.1617993877991494, 0, 0.1617993877991494, 1.6929693744344996, 1.7453292519943295, 0.8201256202654315, -4.998435836430755, 30.003527111400565, -7.502892336051686, 0.49505585298181654, 0.7474675816251999, 0.1937119133176238, 0.0859397623330193, 0.0887488565283711, 0.091590967753459, 0.4033434766851463, 0.1780517600996739, 1, 0, 0.04, -0.7115881014943074]
HErr: 140.4519313963921
HPct: 447.9596717826187%
Pos: 1

PT_Params: [-1.1471975511965977, -0.1617993877991494, 0, 0.1617993877991494, 1.6929693744344996, 1.7453292519943295, 0.8293733565819135, -5.083136870183499, 29.98039333592387, -7.483876633737334, 0.4341576844279142, 0.7813182022049485, 0.30398436466938017, 0.09672628106144833, 0.030853276913837463, 0.20411594056019597, 0.3785972326540284, 0.20710978180776118, 1, 0, 0.04, -0.7115881014943074]
PErr: 373.12126560875265
PPct: 447.9596717826187%
Pos: 9

Pct_data: [393.5950231765458, 447.9596717826187, 431.58588235781616, 431.58588235781616, 404.7164300124922, 387.043610978151, 387.043610978151, 387.043610978151, 387.043610978151, 373.12126560875265, 373.12126560875265, 373.12126560875265, 373.12126560875265, 373.12126560875265, 373.12126560875265, 373.12126560875265, 373.12126560875265, 373.12126560875265, 373.12126560875265, 373.12126560875265, 373.12126560875265, 373.12126560875265, 373.12126560875265, 373.12126560875265, 373.12126560875265, 373.12126560875265, 373.12126560875265, 373.12126560875265, 373.12126560875265, 373.12126560875265, 373.12126560875265, 373.12126560875265, 373.12126560875265, 373.12126560875265, 373.12126560875265, 373.12126560875265, 373.12126560875265, 373.12126560875265, 373.12126560875265, 373.12126560875265, 373.12126560875265, 373.12126560875265, 373.12126560875265, 373.12126560875265, 373.12126560875265, 373.12126560875265, 373.12126560875265, 373.12126560875265, 373.12126560875265, 373.12126560875265, 373.12126560875265, 373.12126560875265, 373.12126560875265, 373.12126560875265, 373.12126560875265, 373.12126560875265, 373.12126560875265, 373.12126560875265, 373.12126560875265, 373.12126560875265, 373.12126560875265, 373.12126560875265, 373.12126560875265, 373.12126560875265, 373.12126560875265, 373.12126560875265, 373.12126560875265, 373.12126560875265, 373.12126560875265, 373.12126560875265, 373.12126560875265, 373.12126560875265, 373.12126560875265, 373.12126560875265, 373.12126560875265, 373.12126560875265, 373.12126560875265, 373.12126560875265, 373.12126560875265, 373.12126560875265, 373.12126560875265, 373.12126560875265, 373.12126560875265, 373.12126560875265, 373.12126560875265, 373.12126560875265, 373.12126560875265, 373.12126560875265, 373.12126560875265, 373.12126560875265, 373.12126560875265, 373.12126560875265, 373.12126560875265, 373.12126560875265, 373.12126560875265, 373.12126560875265, 373.12126560875265, 373.12126560875265, 373.12126560875265, 373.12126560875265]
Err_data: [144.27443674235025, 140.4519313963921, 145.48525615761906, 145.48525615761906, 149.07546341626409, 147.50344703192565, 147.50344703192565, 147.50344703192565, 147.50344703192565, 149.3500005990148, 149.3500005990148, 149.3500005990148, 149.3500005990148, 149.3500005990148, 149.3500005990148, 149.3500005990148, 149.3500005990148, 149.3500005990148, 149.3500005990148, 149.3500005990148, 149.3500005990148, 149.3500005990148, 149.3500005990148, 149.3500005990148, 149.3500005990148, 149.3500005990148, 149.3500005990148, 149.3500005990148, 149.3500005990148, 149.3500005990148, 149.3500005990148, 149.3500005990148, 149.3500005990148, 149.3500005990148, 149.3500005990148, 149.3500005990148, 149.3500005990148, 149.3500005990148, 149.3500005990148, 149.3500005990148, 149.3500005990148, 149.3500005990148, 149.3500005990148, 149.3500005990148, 149.3500005990148, 149.3500005990148, 149.3500005990148, 149.3500005990148, 149.3500005990148, 149.3500005990148, 149.3500005990148, 149.3500005990148, 149.3500005990148, 149.3500005990148, 149.3500005990148, 149.3500005990148, 149.3500005990148, 149.3500005990148, 149.3500005990148, 149.3500005990148, 149.3500005990148, 149.3500005990148, 149.3500005990148, 149.3500005990148, 149.3500005990148, 149.3500005990148, 149.3500005990148, 149.3500005990148, 149.3500005990148, 149.3500005990148, 149.3500005990148, 149.3500005990148, 149.3500005990148, 149.3500005990148, 149.3500005990148, 149.3500005990148, 149.3500005990148, 149.3500005990148, 149.3500005990148, 149.3500005990148, 149.3500005990148, 149.3500005990148, 149.3500005990148, 149.3500005990148, 149.3500005990148, 149.3500005990148, 149.3500005990148, 149.3500005990148, 149.3500005990148, 149.3500005990148, 149.3500005990148, 149.3500005990148, 149.3500005990148, 149.3500005990148, 149.3500005990148, 149.3500005990148, 149.3500005990148, 149.3500005990148, 149.3500005990148, 149.3500005990148]

==========



 -> V2
t: 5131.24135684967

LB_Params: [-1.1471975511965977, -0.1617993877991494, 0, 0.1617993877991494, 1.6929693744344996, 1.7453292519943295, 0.7174521916038207, -4.95958302497021, 30.024473922016593, -7.4236689540233955, 0.5370268322150046, 0.7661047201637695, 0.28895003034276995, 0.10189433285033445, 0.03984512172153722, 0.17333703303173703, 0.36765581373504613, 0.16904872615382696, 1, 0, 0.04, -1.1787802514155186]
LErr: 348.2263447640637
LPct: 294.9159759201057%
Pos: -1

HB_Params: [-1.1471975511965977, -0.1617993877991494, 0, 0.1617993877991494, 1.6929693744344996, 1.7453292519943295, 0.7988608079675171, -5.005884009730767, 30.000526132026053, -7.484529136992086, 0.49210563534273866, 0.74961620840318, 0.20016174887103452, 0.08901269086165613, 0.10041480583526312, 0.12326763569156485, 0.40333786737368416, 0.2060980513148494, 1, 0, 0.04, -1.1787802514155186]
HErr: 331.7054592374851
HPct: 329.75031973954844%
Pos: 1

PT_Params: [-1.1471975511965977, -0.1617993877991494, 0, 0.1617993877991494, 1.6929693744344996, 1.7453292519943295, 0.7174521916038207, -4.95958302497021, 30.024473922016593, -7.4236689540233955, 0.5370268322150046, 0.7661047201637695, 0.28895003034276995, 0.10189433285033445, 0.03984512172153722, 0.17333703303173703, 0.36765581373504613, 0.16904872615382696, 1, 0, 0.04, -1.1787802514155186]
PErr: 294.9159759201057
PPct: 329.75031973954844%
Pos: 2

Pct_data: [349.17830721519897, 329.75031973954844, 294.9159759201057, 294.9159759201057, 294.9159759201057, 294.9159759201057, 294.9159759201057, 294.9159759201057, 294.9159759201057, 294.9159759201057, 294.9159759201057, 294.9159759201057, 294.9159759201057, 294.9159759201057, 294.9159759201057, 294.9159759201057, 294.9159759201057, 294.9159759201057, 294.9159759201057, 294.9159759201057, 294.9159759201057, 294.9159759201057, 294.9159759201057, 294.9159759201057, 294.9159759201057, 294.9159759201057, 294.9159759201057, 294.9159759201057, 294.9159759201057, 294.9159759201057, 294.9159759201057, 294.9159759201057, 294.9159759201057, 294.9159759201057, 294.9159759201057, 294.9159759201057, 294.9159759201057, 294.9159759201057, 294.9159759201057, 294.9159759201057, 294.9159759201057, 294.9159759201057, 294.9159759201057, 294.9159759201057, 294.9159759201057, 294.9159759201057, 294.9159759201057, 294.9159759201057, 294.9159759201057, 294.9159759201057, 294.9159759201057, 294.9159759201057, 294.9159759201057, 294.9159759201057, 294.9159759201057, 294.9159759201057, 294.9159759201057, 294.9159759201057, 294.9159759201057, 294.9159759201057, 294.9159759201057, 294.9159759201057, 294.9159759201057, 294.9159759201057, 294.9159759201057, 294.9159759201057, 294.9159759201057, 294.9159759201057, 294.9159759201057, 294.9159759201057, 294.9159759201057, 294.9159759201057, 294.9159759201057, 294.9159759201057, 294.9159759201057, 294.9159759201057, 294.9159759201057, 294.9159759201057, 294.9159759201057, 294.9159759201057, 294.9159759201057, 294.9159759201057, 294.9159759201057, 294.9159759201057, 294.9159759201057, 294.9159759201057, 294.9159759201057, 294.9159759201057, 294.9159759201057, 294.9159759201057, 294.9159759201057, 294.9159759201057, 294.9159759201057, 294.9159759201057, 294.9159759201057, 294.9159759201057, 294.9159759201057, 294.9159759201057, 294.9159759201057, 294.9159759201057]
Err_data: [340.71878602324915, 331.7054592374851, 348.2263447640637, 348.2263447640637, 348.2263447640637, 348.2263447640637, 348.2263447640637, 348.2263447640637, 348.2263447640637, 348.2263447640637, 348.2263447640637, 348.2263447640637, 348.2263447640637, 348.2263447640637, 348.2263447640637, 348.2263447640637, 348.2263447640637, 348.2263447640637, 348.2263447640637, 348.2263447640637, 348.2263447640637, 348.2263447640637, 348.2263447640637, 348.2263447640637, 348.2263447640637, 348.2263447640637, 348.2263447640637, 348.2263447640637, 348.2263447640637, 348.2263447640637, 348.2263447640637, 348.2263447640637, 348.2263447640637, 348.2263447640637, 348.2263447640637, 348.2263447640637, 348.2263447640637, 348.2263447640637, 348.2263447640637, 348.2263447640637, 348.2263447640637, 348.2263447640637, 348.2263447640637, 348.2263447640637, 348.2263447640637, 348.2263447640637, 348.2263447640637, 348.2263447640637, 348.2263447640637, 348.2263447640637, 348.2263447640637, 348.2263447640637, 348.2263447640637, 348.2263447640637, 348.2263447640637, 348.2263447640637, 348.2263447640637, 348.2263447640637, 348.2263447640637, 348.2263447640637, 348.2263447640637, 348.2263447640637, 348.2263447640637, 348.2263447640637, 348.2263447640637, 348.2263447640637, 348.2263447640637, 348.2263447640637, 348.2263447640637, 348.2263447640637, 348.2263447640637, 348.2263447640637, 348.2263447640637, 348.2263447640637, 348.2263447640637, 348.2263447640637, 348.2263447640637, 348.2263447640637, 348.2263447640637, 348.2263447640637, 348.2263447640637, 348.2263447640637, 348.2263447640637, 348.2263447640637, 348.2263447640637, 348.2263447640637, 348.2263447640637, 348.2263447640637, 348.2263447640637, 348.2263447640637, 348.2263447640637, 348.2263447640637, 348.2263447640637, 348.2263447640637, 348.2263447640637, 348.2263447640637, 348.2263447640637, 348.2263447640637, 348.2263447640637, 348.2263447640637]

==========



 -> V3
t: 4657.369467973709

LB_Params: [-1.1471975511965977, -0.1617993877991494, 0, 0.1617993877991494, 1.6929693744344996, 1.7453292519943295, 0.8159186191090569, -5.0143219253154045, 30.015612828132344, -7.586706148273493, 0.5160940494906754, 0.7885710514596445, 0.19292064825054614, 0.016817788471915236, 0.17710168147546088, 0.09772861450200561, 0.32168962467843054, 0.17043166537552892, 1, 0, 0.04, 0.9488031261717367]
LErr: 34.173187402255685
LPct: 54.91537699540259%
Pos: -1

HB_Params: [-1.1471975511965977, -0.1617993877991494, 0, 0.1617993877991494, 1.6929693744344996, 1.7453292519943295, 0.8088667806521624, -5.001817038302981, 29.99034259991664, -7.501539944785735, 0.5022983342230406, 0.7474046621440348, 0.19391714442614766, 0.08958363183010053, 0.09384229970053684, 0.10277275911360421, 0.3969294866050508, 0.19446347456881607, 1, 0, 0.04, 0.9488031261717367]
HErr: 29.405099713637398
HPct: 85.68854598396221%
Pos: 1

PT_Params: [-1.1471975511965977, -0.1617993877991494, 0, 0.1617993877991494, 1.6929693744344996, 1.7453292519943295, 0.8159186191090569, -5.0143219253154045, 30.015612828132344, -7.586706148273493, 0.5160940494906754, 0.7885710514596445, 0.19292064825054614, 0.016817788471915236, 0.17710168147546088, 0.09772861450200561, 0.32168962467843054, 0.17043166537552892, 1, 0, 0.04, 0.9488031261717367]
PErr: 54.91537699540259
PPct: 85.68854598396221%
Pos: 7

Pct_data: [83.73614974597751, 85.68854598396221, 81.15713596073427, 55.182269067157904, 55.182269067157904, 55.182269067157904, 55.182269067157904, 54.91537699540259, 54.91537699540259, 54.91537699540259, 54.91537699540259, 54.91537699540259, 54.91537699540259, 54.91537699540259, 54.91537699540259, 54.91537699540259, 54.91537699540259, 54.91537699540259, 54.91537699540259, 54.91537699540259, 54.91537699540259, 54.91537699540259, 54.91537699540259, 54.91537699540259, 54.91537699540259, 54.91537699540259, 54.91537699540259, 54.91537699540259, 54.91537699540259, 54.91537699540259, 54.91537699540259, 54.91537699540259, 54.91537699540259, 54.91537699540259, 54.91537699540259, 54.91537699540259, 54.91537699540259, 54.91537699540259, 54.91537699540259, 54.91537699540259, 54.91537699540259, 54.91537699540259, 54.91537699540259, 54.91537699540259, 54.91537699540259, 54.91537699540259, 54.91537699540259, 54.91537699540259, 54.91537699540259, 54.91537699540259, 54.91537699540259, 54.91537699540259, 54.91537699540259, 54.91537699540259, 54.91537699540259, 54.91537699540259, 54.91537699540259, 54.91537699540259, 54.91537699540259, 54.91537699540259, 54.91537699540259, 54.91537699540259, 54.91537699540259, 54.91537699540259, 54.91537699540259, 54.91537699540259, 54.91537699540259, 54.91537699540259, 54.91537699540259, 54.91537699540259, 54.91537699540259, 54.91537699540259, 54.91537699540259, 54.91537699540259, 54.91537699540259, 54.91537699540259, 54.91537699540259, 54.91537699540259, 54.91537699540259, 54.91537699540259, 54.91537699540259, 54.91537699540259, 54.91537699540259, 54.91537699540259, 54.91537699540259, 54.91537699540259, 54.91537699540259, 54.91537699540259, 54.91537699540259, 54.91537699540259, 54.91537699540259, 54.91537699540259, 54.91537699540259, 54.91537699540259, 54.91537699540259, 54.91537699540259, 54.91537699540259, 54.91537699540259, 54.91537699540259, 54.91537699540259]
Err_data: [37.84283451275668, 29.405099713637398, 59.49003415608055, 53.43886716623834, 53.43886716623834, 53.43886716623834, 53.43886716623834, 34.173187402255685, 34.173187402255685, 34.173187402255685, 34.173187402255685, 34.173187402255685, 34.173187402255685, 34.173187402255685, 34.173187402255685, 34.173187402255685, 34.173187402255685, 34.173187402255685, 34.173187402255685, 34.173187402255685, 34.173187402255685, 34.173187402255685, 34.173187402255685, 34.173187402255685, 34.173187402255685, 34.173187402255685, 34.173187402255685, 34.173187402255685, 34.173187402255685, 34.173187402255685, 34.173187402255685, 34.173187402255685, 34.173187402255685, 34.173187402255685, 34.173187402255685, 34.173187402255685, 34.173187402255685, 34.173187402255685, 34.173187402255685, 34.173187402255685, 34.173187402255685, 34.173187402255685, 34.173187402255685, 34.173187402255685, 34.173187402255685, 34.173187402255685, 34.173187402255685, 34.173187402255685, 34.173187402255685, 34.173187402255685, 34.173187402255685, 34.173187402255685, 34.173187402255685, 34.173187402255685, 34.173187402255685, 34.173187402255685, 34.173187402255685, 34.173187402255685, 34.173187402255685, 34.173187402255685, 34.173187402255685, 34.173187402255685, 34.173187402255685, 34.173187402255685, 34.173187402255685, 34.173187402255685, 34.173187402255685, 34.173187402255685, 34.173187402255685, 34.173187402255685, 34.173187402255685, 34.173187402255685, 34.173187402255685, 34.173187402255685, 34.173187402255685, 34.173187402255685, 34.173187402255685, 34.173187402255685, 34.173187402255685, 34.173187402255685, 34.173187402255685, 34.173187402255685, 34.173187402255685, 34.173187402255685, 34.173187402255685, 34.173187402255685, 34.173187402255685, 34.173187402255685, 34.173187402255685, 34.173187402255685, 34.173187402255685, 34.173187402255685, 34.173187402255685, 34.173187402255685, 34.173187402255685, 34.173187402255685, 34.173187402255685, 34.173187402255685, 34.173187402255685, 34.173187402255685]

==========



 -> V4
t: 5765.387928009033

LB_Params: [-1.1471975511965977, -0.1617993877991494, 0, 0.1617993877991494, 1.6929693744344996, 1.7453292519943295, 0.8470776593025747, -5.052016543325701, 30.019934806852525, -7.519329988834653, 0.500354824306615, 0.7351649421689906, 0.23215074488750848, 0.09438738022082606, 0.03423504721097228, 0.12864796421593197, 0.45536449130143886, 0.30287316632923134, 1, 0, 0.04, 1.2353733145160912]
LErr: 74.5737624392436
LPct: 54.9253871626413%
Pos: -1

HB_Params: [-1.1471975511965977, -0.1617993877991494, 0, 0.1617993877991494, 1.6929693744344996, 1.7453292519943295, 0.8062150345107407, -4.9970002359479935, 30.034748010216127, -7.5008905279155265, 0.51229201625941, 0.7348436744418139, 0.1814263201436373, 0.10190667894190718, 0.1060633437089248, 0.09335995713044738, 0.4000971784177083, 0.22008924916070796, 1, 0, 0.04, 1.2353733145160912]
HErr: 59.96925912540054
HPct: 54.96470843234596%
Pos: 1

PT_Params: [-1.1471975511965977, -0.1617993877991494, 0, 0.1617993877991494, 1.6929693744344996, 1.7453292519943295, 0.8470776593025747, -5.052016543325701, 30.019934806852525, -7.519329988834653, 0.500354824306615, 0.7351649421689906, 0.23215074488750848, 0.09438738022082606, 0.03423504721097228, 0.12864796421593197, 0.45536449130143886, 0.30287316632923134, 1, 0, 0.04, 1.2353733145160912]
PErr: 54.9253871626413
PPct: 54.96470843234596%
Pos: 3

Pct_data: [61.15331780932866, 54.96470843234596, 54.96470843234596, 54.9253871626413, 54.9253871626413, 54.9253871626413, 54.9253871626413, 54.9253871626413, 54.9253871626413, 54.9253871626413, 54.9253871626413, 54.9253871626413, 54.9253871626413, 54.9253871626413, 54.9253871626413, 54.9253871626413, 54.9253871626413, 54.9253871626413, 54.9253871626413, 54.9253871626413, 54.9253871626413, 54.9253871626413, 54.9253871626413, 54.9253871626413, 54.9253871626413, 54.9253871626413, 54.9253871626413, 54.9253871626413, 54.9253871626413, 54.9253871626413, 54.9253871626413, 54.9253871626413, 54.9253871626413, 54.9253871626413, 54.9253871626413, 54.9253871626413, 54.9253871626413, 54.9253871626413, 54.9253871626413, 54.9253871626413, 54.9253871626413, 54.9253871626413, 54.9253871626413, 54.9253871626413, 54.9253871626413, 54.9253871626413, 54.9253871626413, 54.9253871626413, 54.9253871626413, 54.9253871626413, 54.9253871626413, 54.9253871626413, 54.9253871626413, 54.9253871626413, 54.9253871626413, 54.9253871626413, 54.9253871626413, 54.9253871626413, 54.9253871626413, 54.9253871626413, 54.9253871626413, 54.9253871626413, 54.9253871626413, 54.9253871626413, 54.9253871626413, 54.9253871626413, 54.9253871626413, 54.9253871626413, 54.9253871626413, 54.9253871626413, 54.9253871626413, 54.9253871626413, 54.9253871626413, 54.9253871626413, 54.9253871626413, 54.9253871626413, 54.9253871626413, 54.9253871626413, 54.9253871626413, 54.9253871626413, 54.9253871626413, 54.9253871626413, 54.9253871626413, 54.9253871626413, 54.9253871626413, 54.9253871626413, 54.9253871626413, 54.9253871626413, 54.9253871626413, 54.9253871626413, 54.9253871626413, 54.9253871626413, 54.9253871626413, 54.9253871626413, 54.9253871626413, 54.9253871626413, 54.9253871626413, 54.9253871626413, 54.9253871626413, 54.9253871626413]
Err_data: [63.71643055470407, 59.96925912540054, 59.96925912540054, 74.5737624392436, 74.5737624392436, 74.5737624392436, 74.5737624392436, 74.5737624392436, 74.5737624392436, 74.5737624392436, 74.5737624392436, 74.5737624392436, 74.5737624392436, 74.5737624392436, 74.5737624392436, 74.5737624392436, 74.5737624392436, 74.5737624392436, 74.5737624392436, 74.5737624392436, 74.5737624392436, 74.5737624392436, 74.5737624392436, 74.5737624392436, 74.5737624392436, 74.5737624392436, 74.5737624392436, 74.5737624392436, 74.5737624392436, 74.5737624392436, 74.5737624392436, 74.5737624392436, 74.5737624392436, 74.5737624392436, 74.5737624392436, 74.5737624392436, 74.5737624392436, 74.5737624392436, 74.5737624392436, 74.5737624392436, 74.5737624392436, 74.5737624392436, 74.5737624392436, 74.5737624392436, 74.5737624392436, 74.5737624392436, 74.5737624392436, 74.5737624392436, 74.5737624392436, 74.5737624392436, 74.5737624392436, 74.5737624392436, 74.5737624392436, 74.5737624392436, 74.5737624392436, 74.5737624392436, 74.5737624392436, 74.5737624392436, 74.5737624392436, 74.5737624392436, 74.5737624392436, 74.5737624392436, 74.5737624392436, 74.5737624392436, 74.5737624392436, 74.5737624392436, 74.5737624392436, 74.5737624392436, 74.5737624392436, 74.5737624392436, 74.5737624392436, 74.5737624392436, 74.5737624392436, 74.5737624392436, 74.5737624392436, 74.5737624392436, 74.5737624392436, 74.5737624392436, 74.5737624392436, 74.5737624392436, 74.5737624392436, 74.5737624392436, 74.5737624392436, 74.5737624392436, 74.5737624392436, 74.5737624392436, 74.5737624392436, 74.5737624392436, 74.5737624392436, 74.5737624392436, 74.5737624392436, 74.5737624392436, 74.5737624392436, 74.5737624392436, 74.5737624392436, 74.5737624392436, 74.5737624392436, 74.5737624392436, 74.5737624392436, 74.5737624392436]

==========



 -> V5
t: 5801.037882566452

LB_Params: [-1.1471975511965977, -0.1617993877991494, 0, 0.1617993877991494, 1.6929693744344996, 1.7453292519943295, 0.7421530921527432, -5.046344151718154, 29.98641999103869, -7.470096279516552, 0.467634547185784, 0.8834478109948057, 0.23498434853951064, 0.09184530570502775, 0.2000286958547753, 0.15098607859222277, 0.41978118242149914, 0.25879413655929745, 1, 0, 0.04, 1.1528815747448287]
LErr: 49.282456969159185
LPct: 41.40570945769595%
Pos: -1

HB_Params: [-1.1471975511965977, -0.1617993877991494, 0, 0.1617993877991494, 1.6929693744344996, 1.7453292519943295, 0.7960719914779258, -5.000400858048998, 29.99860946254995, -7.502523941387521, 0.48773136883862866, 0.7425685329238428, 0.19679617673988312, 0.10421360297943034, 0.1023152393389058, 0.10126998853880428, 0.39614921295834604, 0.21017562507492482, 1, 0, 0.04, 1.1528815747448287]
HErr: 40.77669053498604
HPct: 48.96653504879846%
Pos: 0

PT_Params: [-1.1471975511965977, -0.1617993877991494, 0, 0.1617993877991494, 1.6929693744344996, 1.7453292519943295, 0.7421530921527432, -5.046344151718154, 29.98641999103869, -7.470096279516552, 0.467634547185784, 0.8834478109948057, 0.23498434853951064, 0.09184530570502775, 0.2000286958547753, 0.15098607859222277, 0.41978118242149914, 0.25879413655929745, 1, 0, 0.04, 1.1528815747448287]
PErr: 41.40570945769595
PPct: 48.96653504879846%
Pos: 12

Pct_data: [48.96653504879846, 49.61475027660481, 49.61475027660481, 49.61475027660481, 49.5225665983139, 44.23606822943866, 43.74972467803885, 43.74972467803885, 41.78015544539081, 41.78015544539081, 41.78015544539081, 41.78015544539081, 41.40570945769595, 41.40570945769595, 41.40570945769595, 41.40570945769595, 41.40570945769595, 41.40570945769595, 41.40570945769595, 41.40570945769595, 41.40570945769595, 41.40570945769595, 41.40570945769595, 41.40570945769595, 41.40570945769595, 41.40570945769595, 41.40570945769595, 41.40570945769595, 41.40570945769595, 41.40570945769595, 41.40570945769595, 41.40570945769595, 41.40570945769595, 41.40570945769595, 41.40570945769595, 41.40570945769595, 41.40570945769595, 41.40570945769595, 41.40570945769595, 41.40570945769595, 41.40570945769595, 41.40570945769595, 41.40570945769595, 41.40570945769595, 41.40570945769595, 41.40570945769595, 41.40570945769595, 41.40570945769595, 41.40570945769595, 41.40570945769595, 41.40570945769595, 41.40570945769595, 41.40570945769595, 41.40570945769595, 41.40570945769595, 41.40570945769595, 41.40570945769595, 41.40570945769595, 41.40570945769595, 41.40570945769595, 41.40570945769595, 41.40570945769595, 41.40570945769595, 41.40570945769595, 41.40570945769595, 41.40570945769595, 41.40570945769595, 41.40570945769595, 41.40570945769595, 41.40570945769595, 41.40570945769595, 41.40570945769595, 41.40570945769595, 41.40570945769595, 41.40570945769595, 41.40570945769595, 41.40570945769595, 41.40570945769595, 41.40570945769595, 41.40570945769595, 41.40570945769595, 41.40570945769595, 41.40570945769595, 41.40570945769595, 41.40570945769595, 41.40570945769595, 41.40570945769595, 41.40570945769595, 41.40570945769595, 41.40570945769595, 41.40570945769595, 41.40570945769595, 41.40570945769595, 41.40570945769595, 41.40570945769595, 41.40570945769595, 41.40570945769595, 41.40570945769595, 41.40570945769595, 41.40570945769595]
Err_data: [40.77669053498604, 48.58198302277301, 48.58198302277301, 48.58198302277301, 50.772987243621365, 48.299114303220435, 50.50969337647016, 50.50969337647016, 56.95590149082355, 56.95590149082355, 56.95590149082355, 56.95590149082355, 49.282456969159185, 49.282456969159185, 49.282456969159185, 49.282456969159185, 49.282456969159185, 49.282456969159185, 49.282456969159185, 49.282456969159185, 49.282456969159185, 49.282456969159185, 49.282456969159185, 49.282456969159185, 49.282456969159185, 49.282456969159185, 49.282456969159185, 49.282456969159185, 49.282456969159185, 49.282456969159185, 49.282456969159185, 49.282456969159185, 49.282456969159185, 49.282456969159185, 49.282456969159185, 49.282456969159185, 49.282456969159185, 49.282456969159185, 49.282456969159185, 49.282456969159185, 49.282456969159185, 49.282456969159185, 49.282456969159185, 49.282456969159185, 49.282456969159185, 49.282456969159185, 49.282456969159185, 49.282456969159185, 49.282456969159185, 49.282456969159185, 49.282456969159185, 49.282456969159185, 49.282456969159185, 49.282456969159185, 49.282456969159185, 49.282456969159185, 49.282456969159185, 49.282456969159185, 49.282456969159185, 49.282456969159185, 49.282456969159185, 49.282456969159185, 49.282456969159185, 49.282456969159185, 49.282456969159185, 49.282456969159185, 49.282456969159185, 49.282456969159185, 49.282456969159185, 49.282456969159185, 49.282456969159185, 49.282456969159185, 49.282456969159185, 49.282456969159185, 49.282456969159185, 49.282456969159185, 49.282456969159185, 49.282456969159185, 49.282456969159185, 49.282456969159185, 49.282456969159185, 49.282456969159185, 49.282456969159185, 49.282456969159185, 49.282456969159185, 49.282456969159185, 49.282456969159185, 49.282456969159185, 49.282456969159185, 49.282456969159185, 49.282456969159185, 49.282456969159185, 49.282456969159185, 49.282456969159185, 49.282456969159185, 49.282456969159185, 49.282456969159185, 49.282456969159185, 49.282456969159185, 49.282456969159185]

==========



 -> V6
t: 5145.473707675934

LB_Params: [-1.1471975511965977, -0.1617993877991494, 0, 0.1617993877991494, 1.6929693744344996, 1.7453292519943295, 0.9110468039101236, -4.822988980361509, 30.031532792765592, -7.422014886745544, 0.3956072193023205, 0.7558182459877624, 0.15355186238042437, 0.013612980174358916, 0.13109022409182158, 0.009683779651549155, 0.4824821855092001, 0.15147862589000852, 1, 0, 0.04, 0.9308167293467027]
LErr: 33.46069383794814
LPct: 49.71347528739209%
Pos: -1

HB_Params: [-1.1471975511965977, -0.1617993877991494, 0, 0.1617993877991494, 1.6929693744344996, 1.7453292519943295, 0.9110468039101236, -4.822988980361509, 30.031532792765592, -7.422014886745544, 0.3956072193023205, 0.7558182459877624, 0.15355186238042437, 0.013612980174358916, 0.13109022409182158, 0.009683779651549155, 0.4824821855092001, 0.15147862589000852, 1, 0, 0.04, 0.9308167293467027]
HErr: 33.46069383794814
HPct: 49.71347528739209%
Pos: 4

PT_Params: [-1.1471975511965977, -0.1617993877991494, 0, 0.1617993877991494, 1.6929693744344996, 1.7453292519943295, 0.7947046196265449, -4.9815237163658885, 29.99269662430436, -7.497828914273389, 0.5054085992967382, 0.756989431253066, 0.18879510864671656, 0.09104315464800722, 0.11200732883631816, 0.09833152133588825, 0.41367426241987026, 0.20938932725665976, 1, 0, 0.04, 0.9308167293467027]
PErr: 45.99114158181865
PPct: 49.71347528739209%
Pos: 0

Pct_data: [45.99114158181865, 99.1861974591934, 76.72573644142659, 56.69665028272789, 49.71347528739209, 49.71347528739209, 49.71347528739209, 49.71347528739209, 49.71347528739209, 49.71347528739209, 49.71347528739209, 49.71347528739209, 49.71347528739209, 49.71347528739209, 49.71347528739209, 49.71347528739209, 49.71347528739209, 49.71347528739209, 49.71347528739209, 49.71347528739209, 49.71347528739209, 49.71347528739209, 49.71347528739209, 49.71347528739209, 49.71347528739209, 49.71347528739209, 49.71347528739209, 49.71347528739209, 49.71347528739209, 49.71347528739209, 49.71347528739209, 49.71347528739209, 49.71347528739209, 49.71347528739209, 49.71347528739209, 49.71347528739209, 49.71347528739209, 49.71347528739209, 49.71347528739209, 49.71347528739209, 49.71347528739209, 49.71347528739209, 49.71347528739209, 49.71347528739209, 49.71347528739209, 49.71347528739209, 49.71347528739209, 49.71347528739209, 49.71347528739209, 49.71347528739209, 49.71347528739209, 49.71347528739209, 49.71347528739209, 49.71347528739209, 49.71347528739209, 49.71347528739209, 49.71347528739209, 49.71347528739209, 49.71347528739209, 49.71347528739209, 49.71347528739209, 49.71347528739209, 49.71347528739209, 49.71347528739209, 49.71347528739209, 49.71347528739209, 49.71347528739209, 49.71347528739209, 49.71347528739209, 49.71347528739209, 49.71347528739209, 49.71347528739209, 49.71347528739209, 49.71347528739209, 49.71347528739209, 49.71347528739209, 49.71347528739209, 49.71347528739209, 49.71347528739209, 49.71347528739209, 49.71347528739209, 49.71347528739209, 49.71347528739209, 49.71347528739209, 49.71347528739209, 49.71347528739209, 49.71347528739209, 49.71347528739209, 49.71347528739209, 49.71347528739209, 49.71347528739209, 49.71347528739209, 49.71347528739209, 49.71347528739209, 49.71347528739209, 49.71347528739209, 49.71347528739209, 49.71347528739209, 49.71347528739209, 49.71347528739209]
Err_data: [34.65818221689443, 58.145264570830385, 41.86711099294518, 39.094681161516334, 33.46069383794814, 33.46069383794814, 33.46069383794814, 33.46069383794814, 33.46069383794814, 33.46069383794814, 33.46069383794814, 33.46069383794814, 33.46069383794814, 33.46069383794814, 33.46069383794814, 33.46069383794814, 33.46069383794814, 33.46069383794814, 33.46069383794814, 33.46069383794814, 33.46069383794814, 33.46069383794814, 33.46069383794814, 33.46069383794814, 33.46069383794814, 33.46069383794814, 33.46069383794814, 33.46069383794814, 33.46069383794814, 33.46069383794814, 33.46069383794814, 33.46069383794814, 33.46069383794814, 33.46069383794814, 33.46069383794814, 33.46069383794814, 33.46069383794814, 33.46069383794814, 33.46069383794814, 33.46069383794814, 33.46069383794814, 33.46069383794814, 33.46069383794814, 33.46069383794814, 33.46069383794814, 33.46069383794814, 33.46069383794814, 33.46069383794814, 33.46069383794814, 33.46069383794814, 33.46069383794814, 33.46069383794814, 33.46069383794814, 33.46069383794814, 33.46069383794814, 33.46069383794814, 33.46069383794814, 33.46069383794814, 33.46069383794814, 33.46069383794814, 33.46069383794814, 33.46069383794814, 33.46069383794814, 33.46069383794814, 33.46069383794814, 33.46069383794814, 33.46069383794814, 33.46069383794814, 33.46069383794814, 33.46069383794814, 33.46069383794814, 33.46069383794814, 33.46069383794814, 33.46069383794814, 33.46069383794814, 33.46069383794814, 33.46069383794814, 33.46069383794814, 33.46069383794814, 33.46069383794814, 33.46069383794814, 33.46069383794814, 33.46069383794814, 33.46069383794814, 33.46069383794814, 33.46069383794814, 33.46069383794814, 33.46069383794814, 33.46069383794814, 33.46069383794814, 33.46069383794814, 33.46069383794814, 33.46069383794814, 33.46069383794814, 33.46069383794814, 33.46069383794814, 33.46069383794814, 33.46069383794814, 33.46069383794814, 33.46069383794814]

==========

t: 58216.51751446724