

 -> I
LB_Params: [-1.1471975511965977, -0.1617993877991494, 0, 0.1617993877991494, 1.6929693744344996, 1.7453292519943295, 0.8104921646176675, -5.004340796694363, 30.008083454231127, -7.4865583503343585, 0.5249701530580353, 0.7626564226983309, 0.23314225708651884, 0.1572546093496443, 0.0702025788563984, 0.08430177479338431, 0.39999331432002483, 0.1813502710911258, 1.0013581855531448, 0, 0.04, 0.540104473134283]
LErr: 19.851332946514955
Pos: -1

HB_Params: [-1.1471975511965977, -0.1617993877991494, 0, 0.1617993877991494, 1.6929693744344996, 1.7453292519943295, 0.8120812342152769, -5.001791134962331, 30.003910180961153, -7.486495296984126, 0.5173193840936107, 0.7604877414164366, 0.19742542321927406, 0.10758288788728022, 0.08092341583951007, 0.09683605807604678, 0.3980991693063881, 0.1930326695545934, 1.002547973318158, 0, 0.04, 0.540104473134283]
HErr: 14.436091073539526
Pos: 0

PT_Params: [-1.1471975511965977, -0.1617993877991494, 0, 0.1617993877991494, 1.6929693744344996, 1.7453292519943295, 0.8120812342152769, -5.001791134962331, 30.003910180961153, -7.486495296984126, 0.5173193840936107, 0.7604877414164366, 0.19742542321927406, 0.10758288788728022, 0.08092341583951007, 0.09683605807604678, 0.3980991693063881, 0.1930326695545934, 1.002547973318158, 0, 0.04, 0.540104473134283]
PErr: 53.04891975240765
Pos: 0

==========                    

 -> II
LB_Params: [-1.1471975511965977, -0.1617993877991494, 0, 0.1617993877991494, 1.6929693744344996, 1.7453292519943295, 0.7995690220515173, -5.003524134112362, 29.982344801908592, -7.479242965051633, 0.4748874468596533, 0.758963798370974, 0.21009137742185371, 0.10696774989813969, 0.0859393853991825, 0.12352527158325372, 0.43155853150191914, 0.18027487858202754, 0.9881837524161281, 0, 0.04, 0.8398154303976673]
LErr: 32.584366329230406
Pos: -1

HB_Params: [-1.1471975511965977, -0.1617993877991494, 0, 0.1617993877991494, 1.6929693744344996, 1.7453292519943295, 0.803336145785575, -4.98888690419002, 29.990870833659436, -7.487720019245078, 0.48432914196268484, 0.7464775656164093, 0.20267126366722837, 0.11786401832849114, 0.09138486472746055, 0.1100453880502475, 0.40778037440924697, 0.1890055434259555, 0.9912449019542849, 0, 0.04, 0.8398154303976673]
HErr: 29.378069653088072
Pos: 0

PT_Params: [-1.1471975511965977, -0.1617993877991494, 0, 0.1617993877991494, 1.6929693744344996, 1.7453292519943295, 0.803336145785575, -4.98888690419002, 29.990870833659436, -7.487720019245078, 0.48432914196268484, 0.7464775656164093, 0.20267126366722837, 0.11786401832849114, 0.09138486472746055, 0.1100453880502475, 0.40778037440924697, 0.1890055434259555, 0.9912449019542849, 0, 0.04, 0.8398154303976673]
PErr: 50.303800305019486
Pos: 0

==========                    

 -> III
LB_Params: [-1.1471975511965977, -0.1617993877991494, 0, 0.1617993877991494, 1.6929693744344996, 1.7453292519943295, 0.7993216885188835, -4.987298859105135, 29.99257942089548, -7.53591498937278, 0.49710754698420306, 0.7528904342137869, 0.2055769194592347, 0.08964478870026514, 0.08992989540720678, 0.09097465936226579, 0.4015105350180014, 0.20300875159911722, 1.00303137089999, 0, 0.04, 0.4514741253544541]
LErr: 1.5788981629088195
Pos: -1

HB_Params: [-1.1471975511965977, -0.1617993877991494, 0, 0.1617993877991494, 1.6929693744344996, 1.7453292519943295, 0.7986306044435985, -4.991929228923516, 29.980740168390163, -7.516603148269003, 0.49856844767918995, 0.7431705941031669, 0.2, 0.1022692389672059, 0.09358764339321739, 0.10052299387749382, 0.3933423716069886, 0.21566411175531766, 1.0063775705943017, 0, 0.04, 0.4514741253544541]
HErr: 1.4771221838831825
Pos: 0

PT_Params: [-1.1471975511965977, -0.1617993877991494, 0, 0.1617993877991494, 1.6929693744344996, 1.7453292519943295, 0.7993216885188835, -4.987298859105135, 29.99257942089548, -7.53591498937278, 0.49710754698420306, 0.7528904342137869, 0.2055769194592347, 0.08964478870026514, 0.08992989540720678, 0.09097465936226579, 0.4015105350180014, 0.20300875159911722, 1.00303137089999, 0, 0.04, 0.4514741253544541]
PErr: 92.07506574884283
Pos: 1

==========                    

 -> AVR
LB_Params: [-1.1471975511965977, -0.1617993877991494, 0, 0.1617993877991494, 1.6929693744344996, 1.7453292519943295, 0.7809937502416276, -4.993929016000988, 30.016306361155838, -7.441679662059823, 0.5041881130326525, 0.7651786016054027, 0.2360690722908414, 0.09683183658717712, 0.11203617682713875, 0.121360897546844, 0.3884851848593518, 0.2158870877692436, 1.0245966906312016, 0, 0.04, 0.22108218624479237]
LErr: 53.184832103008546
Pos: -1

HB_Params: [-1.1471975511965977, -0.1617993877991494, 0, 0.1617993877991494, 1.6929693744344996, 1.7453292519943295, 0.7885978307389331, -4.995780974247471, 30.006354625306958, -7.452083667154117, 0.5088735071148706, 0.7620341394759355, 0.231251594644881, 0.08835984818839855, 0.10382195645753846, 0.10852482093251595, 0.3939040028712723, 0.2082495497939626, 1.0111153327770503, 0, 0.04, 0.22108218624479237]
HErr: 41.2217023203245
Pos: 2

PT_Params: [-1.1471975511965977, -0.1617993877991494, 0, 0.1617993877991494, 1.6929693744344996, 1.7453292519943295, 0.7809937502416276, -4.993929016000988, 30.016306361155838, -7.441679662059823, 0.5041881130326525, 0.7651786016054027, 0.2360690722908414, 0.09683183658717712, 0.11203617682713875, 0.121360897546844, 0.3884851848593518, 0.2158870877692436, 1.0245966906312016, 0, 0.04, 0.22108218624479237]
PErr: 146.83163129387907
Pos: 4

==========                    

 -> AVL
LB_Params: [-1.1471975511965977, -0.1617993877991494, 0, 0.1617993877991494, 1.6929693744344996, 1.7453292519943295, 0.8126242394965907, -4.990704767555011, 29.990435021834788, -7.484135531831087, 0.5098323095893479, 0.7574120498013741, 0.2160257153783382, 0.11168297022499803, 0.12217788831578687, 0.09228720800736062, 0.38164900625432985, 0.20764781593906034, 0.9907912333188912, 0, 0.04, 0.256450337576512]
LErr: 10.571585660790667
Pos: -1

HB_Params: [-1.1471975511965977, -0.1617993877991494, 0, 0.1617993877991494, 1.6929693744344996, 1.7453292519943295, 0.7993239518932396, -4.9973491520076445, 29.992514095267126, -7.493972128339478, 0.5046108161243993, 0.7604314469102952, 0.1895284217912473, 0.09872979298074845, 0.10827933226229507, 0.08822297409698254, 0.3927801405416687, 0.21555170399893664, 0.9896045285893472, 0, 0.04, 0.256450337576512]
HErr: 6.418509478274146
Pos: 0

PT_Params: [-1.1471975511965977, -0.1617993877991494, 0, 0.1617993877991494, 1.6929693744344996, 1.7453292519943295, 0.8126242394965907, -4.990704767555011, 29.990435021834788, -7.484135531831087, 0.5098323095893479, 0.7574120498013741, 0.2160257153783382, 0.11168297022499803, 0.12217788831578687, 0.09228720800736062, 0.38164900625432985, 0.20764781593906034, 0.9907912333188912, 0, 0.04, 0.256450337576512]
PErr: 183.35204947780872
Pos: 3

==========                    

 -> AVF
LB_Params: [-1.1471975511965977, -0.1617993877991494, 0, 0.1617993877991494, 1.6929693744344996, 1.7453292519943295, 0.7785453012347378, -4.990196279229161, 29.98909303708229, -7.4900429117404475, 0.48868023317954357, 0.7543575799280416, 0.1785838945493805, 0.07707181591969946, 0.08707154032394453, 0.09763172663941352, 0.41440702570740756, 0.2215831730278232, 0.9716135769061693, 0, 0.04, 0.6059199783339498]
LErr: 9.32572595890668
Pos: -1

HB_Params: [-1.1471975511965977, -0.1617993877991494, 0, 0.1617993877991494, 1.6929693744344996, 1.7453292519943295, 0.7785453012347378, -4.990196279229161, 29.98909303708229, -7.4900429117404475, 0.48868023317954357, 0.7543575799280416, 0.1785838945493805, 0.07707181591969946, 0.08707154032394453, 0.09763172663941352, 0.41440702570740756, 0.2215831730278232, 0.9716135769061693, 0, 0.04, 0.6059199783339498]
HErr: 9.32572595890668
Pos: 3

PT_Params: [-1.1471975511965977, -0.1617993877991494, 0, 0.1617993877991494, 1.6929693744344996, 1.7453292519943295, 0.7864524750981536, -4.991294386989476, 29.98955410469975, -7.50299489488064, 0.4956428850773395, 0.75, 0.19280475576540393, 0.08498481173099595, 0.09952767058466454, 0.10373177080932976, 0.40886312817258513, 0.21177688643902767, 0.9902134202405258, 0, 0.04, 0.6059199783339498]
PErr: 68.11861315952942
Pos: 0

==========                    

 -> V1
LB_Params: [-1.1471975511965977, -0.1617993877991494, 0, 0.1617993877991494, 1.6929693744344996, 1.7453292519943295, 0.7662667066490951, -5.004058517907012, 29.982896467587853, -7.471077163867317, 0.4662233595112516, 0.7835949393868814, 0.17651558248930052, 0.07919250558501423, 0.09063990861790527, 0.09410860679766604, 0.4009179876093274, 0.22559246649993572, 1.0004610652485821, 0, 0.04, 0.3663555854562063]
LErr: 76.89001081898785
Pos: -1

HB_Params: [-1.1471975511965977, -0.1617993877991494, 0, 0.1617993877991494, 1.6929693744344996, 1.7453292519943295, 0.7925388645705539, -5.003646015751189, 29.985743438372257, -7.475236951142573, 0.49418016000498044, 0.7642494472540099, 0.19052894714079102, 0.08580764539788163, 0.09231889679319251, 0.09282889309529505, 0.40838135030875555, 0.21308173182169954, 1.0000455728087396, 0, 0.04, 0.3663555854562063]
HErr: 71.81846699264864
Pos: 0

PT_Params: [-1.1471975511965977, -0.1617993877991494, 0, 0.1617993877991494, 1.6929693744344996, 1.7453292519943295, 0.7662667066490951, -5.004058517907012, 29.982896467587853, -7.471077163867317, 0.4662233595112516, 0.7835949393868814, 0.17651558248930052, 0.07919250558501423, 0.09063990861790527, 0.09410860679766604, 0.4009179876093274, 0.22559246649993572, 1.0004610652485821, 0, 0.04, 0.3663555854562063]
PErr: 204.43809783876753
Pos: 1

==========                    

 -> V2
LB_Params: [-1.1471975511965977, -0.1617993877991494, 0, 0.1617993877991494, 1.6929693744344996, 1.7453292519943295, 0.7924413117645285, -4.981663276920581, 29.9892918344475, -7.479283818648765, 0.5153389833730266, 0.7497636182891095, 0.1954859572392535, 0.10783930687204255, 0.08327836749657334, 0.10498583094583504, 0.3819763819281016, 0.21808698288440792, 1.0192001229137733, 0, 0.04, 0.751223019841105]
LErr: 261.8599077022334
Pos: -1

HB_Params: [-1.1471975511965977, -0.1617993877991494, 0, 0.1617993877991494, 1.6929693744344996, 1.7453292519943295, 0.7932787268792627, -4.978221643796146, 30.002686591299724, -7.508040991739306, 0.5243642530166646, 0.7535906982194406, 0.2, 0.10614871530133807, 0.09395980571205154, 0.09912618934151649, 0.3988730089314773, 0.21151065972875313, 1.001307026012343, 0, 0.04, 0.751223019841105]
HErr: 215.84658614720172
Pos: 0

PT_Params: [-1.1471975511965977, -0.1617993877991494, 0, 0.1617993877991494, 1.6929693744344996, 1.7453292519943295, 0.7932787268792627, -4.978221643796146, 30.002686591299724, -7.508040991739306, 0.5243642530166646, 0.7535906982194406, 0.2, 0.10614871530133807, 0.09395980571205154, 0.09912618934151649, 0.3988730089314773, 0.21151065972875313, 1.001307026012343, 0, 0.04, 0.751223019841105]
PErr: 216.91075481383024
Pos: 0

==========                    

 -> V3
LB_Params: [-1.1471975511965977, -0.1617993877991494, 0, 0.1617993877991494, 1.6929693744344996, 1.7453292519943295, 0.8138366611956169, -5.000481842870221, 30.003218690141427, -7.462701312447813, 0.49447593205332385, 0.741025603665309, 0.1662000204304151, 0.11673267341750428, 0.11528541525848474, 0.07302236936594121, 0.4120222644671272, 0.19573656551482588, 1.0109207200440442, 0, 0.04, 0.9488031261717367]
LErr: 62.01126167304824
Pos: -1

HB_Params: [-1.1471975511965977, -0.1617993877991494, 0, 0.1617993877991494, 1.6929693744344996, 1.7453292519943295, 0.8106027316894047, -5.001578062223189, 30, -7.500456021867569, 0.5, 0.7464313043372288, 0.18474195320127895, 0.09090224341278612, 0.1189761530610252, 0.08348621132316038, 0.39275563164692173, 0.19862723696440424, 1.015534842632823, 0, 0.04, 0.9488031261717367]
HErr: 56.63861104359596
Pos: 0

PT_Params: [-1.1471975511965977, -0.1617993877991494, 0, 0.1617993877991494, 1.6929693744344996, 1.7453292519943295, 0.8106027316894047, -5.001578062223189, 30, -7.500456021867569, 0.5, 0.7464313043372288, 0.18474195320127895, 0.09090224341278612, 0.1189761530610252, 0.08348621132316038, 0.39275563164692173, 0.19862723696440424, 1.015534842632823, 0, 0.04, 0.9488031261717367]
PErr: 55.447281619896636
Pos: 0

==========                    

 -> V4
LB_Params: [-1.1471975511965977, -0.1617993877991494, 0, 0.1617993877991494, 1.6929693744344996, 1.7453292519943295, 0.8103869863687643, -5.016439934469432, 30.00232893510692, -7.481982286009542, 0.49523199892844766, 0.745908360415755, 0.18233970897474738, 0.10044403246281597, 0.09460579227731944, 0.08781656276007473, 0.40112534806840566, 0.24739091488465043, 1.0006098528095972, 0, 0.04, 1.2353733145160912]
LErr: 74.75498873498131
Pos: -1

HB_Params: [-1.1471975511965977, -0.1617993877991494, 0, 0.1617993877991494, 1.6929693744344996, 1.7453292519943295, 0.7889707225582293, -5.00081104047417, 30.01177321104575, -7.511812060399266, 0.5, 0.7521158271319092, 0.2036954402037835, 0.1, 0.08931500096286002, 0.10323212314127429, 0.4046229653374198, 0.2170596148772306, 1.0044379462716915, 0, 0.04, 1.2353733145160912]
HErr: 58.02057116592193
Pos: 0

PT_Params: [-1.1471975511965977, -0.1617993877991494, 0, 0.1617993877991494, 1.6929693744344996, 1.7453292519943295, 0.7889707225582293, -5.00081104047417, 30.01177321104575, -7.511812060399266, 0.5, 0.7521158271319092, 0.2036954402037835, 0.1, 0.08931500096286002, 0.10323212314127429, 0.4046229653374198, 0.2170596148772306, 1.0044379462716915, 0, 0.04, 1.2353733145160912]
PErr: 44.92812379278435
Pos: 0

==========                    

 -> V5
LB_Params: [-1.1471975511965977, -0.1617993877991494, 0, 0.1617993877991494, 1.6929693744344996, 1.7453292519943295, 0.7992654754494419, -4.977629819677792, 29.9862151742978, -7.465576232011971, 0.4730916093238311, 0.7596509987028784, 0.17271482158869988, 0.08774934607597813, 0.14392625787964275, 0.11671057435581132, 0.39393864792314187, 0.18655854818151243, 0.9795206367306332, 0, 0.04, 1.1528815747448287]
LErr: 62.92654778839383
Pos: -1

HB_Params: [-1.1471975511965977, -0.1617993877991494, 0, 0.1617993877991494, 1.6929693744344996, 1.7453292519943295, 0.788384055867279, -4.992931433560074, 29.97952803515596, -7.4957186807997775, 0.48269703091307714, 0.7438446786183907, 0.18645805123773834, 0.08640146140915925, 0.1127334718995953, 0.11648172076994563, 0.4169858071110732, 0.18660005249786563, 0.9953849537373345, 0, 0.04, 1.1528815747448287]
HErr: 53.15906926486415
Pos: 0

PT_Params: [-1.1471975511965977, -0.1617993877991494, 0, 0.1617993877991494, 1.6929693744344996, 1.7453292519943295, 0.788384055867279, -4.992931433560074, 29.97952803515596, -7.4957186807997775, 0.48269703091307714, 0.7438446786183907, 0.18645805123773834, 0.08640146140915925, 0.1127334718995953, 0.11648172076994563, 0.4169858071110732, 0.18660005249786563, 0.9953849537373345, 0, 0.04, 1.1528815747448287]
PErr: 46.46517253031639
Pos: 0

==========                    

 -> V6
LB_Params: [-1.1471975511965977, -0.1617993877991494, 0, 0.1617993877991494, 1.6929693744344996, 1.7453292519943295, 0.8088186769905564, -5.047753943893813, 30.008829097581604, -7.490794581277783, 0.5404508223742716, 0.7330717664789098, 0.22284512013675942, 0.09880792946127376, 0.10731436911393191, 0.10075378825774994, 0.43578996113962615, 0.1903961940028782, 1.0107451220869959, 0, 0.04, 0.9308167293467027]
LErr: 33.8327997058008
Pos: -1

HB_Params: [-1.1471975511965977, -0.1617993877991494, 0, 0.1617993877991494, 1.6929693744344996, 1.7453292519943295, 0.8, -5.02050073678753, 30.015127327750832, -7.5008524009467505, 0.5196529988070715, 0.7548625125925562, 0.19208757425852133, 0.1, 0.1053345985192225, 0.08128590056975422, 0.40747288843459073, 0.18283976725097326, 1.0031501015320001, 0, 0.04, 0.9308167293467027]
HErr: 22.67743249623318
Pos: 0

PT_Params: [-1.1471975511965977, -0.1617993877991494, 0, 0.1617993877991494, 1.6929693744344996, 1.7453292519943295, 0.8, -5.02050073678753, 30.015127327750832, -7.5008524009467505, 0.5196529988070715, 0.7548625125925562, 0.19208757425852133, 0.1, 0.1053345985192225, 0.08128590056975422, 0.40747288843459073, 0.18283976725097326, 1.0031501015320001, 0, 0.04, 0.9308167293467027]
PErr: 44.00915369308009
Pos: 0

==========                    